4294967279,130
4294967279,129
4294967279,181
4294967278,4
4294967279,132
4294967279,131
4294967278,412
4294967279,457
4294967278,179
4294967278,8
4294967278,7
4294967278,6
4294967278,5
4294967279,515
4294967278,178
4294967278,15
4294967278,14
4294967278,13
4294967278,12
4294967278,11
4294967278,10
4294967278,9
4294967279,514
4294967278,333
4294967279,379
4294967278,332
4294967279,470
4294967278,331
4294967278,32
4294967278,31
4294967278,30
4294967278,29
4294967278,28
4294967278,27
4294967278,26
4294967278,25
4294967278,24
4294967278,23
4294967278,22
4294967278,21
4294967278,20
4294967278,19
4294967278,18
4294967278,17
4294967278,16
4294967279,319
4294967278,330
4294967279,378
4294967278,172
4294967279,172
4294967278,171
4294967279,171
4294967278,170
4294967279,170
4294967278,169
4294967279,169
4294967278,168
4294967279,168
4294967278,167
4294967279,167
4294967278,166
4294967279,166
4294967278,165
4294967279,165
4294967278,164
4294967279,164
4294967278,429
4294967278,62
4294967278,61
4294967278,60
4294967278,59
4294967278,58
4294967278,57
4294967278,56
4294967278,55
4294967278,54
4294967278,53
4294967278,52
4294967278,260
4294967278,319
4294967278,318
4294967278,49
4294967278,48
4294967278,47
4294967278,46
4294967278,45
4294967278,44
4294967278,43
4294967278,42
4294967278,41
4294967278,40
4294967278,308
4294967278,39
4294967278,38
4294967278,37
4294967278,36
4294967278,35
4294967278,34
4294967278,33
4294967279,174
4294967279,86
4294967279,85
4294967279,84
4294967279,83
4294967279,80
4294967279,78
4294967279,75
4294967279,74
4294967279,73
4294967279,72
4294967279,70
4294967279,69
4294967279,68
4294967279,67
4294967279,66
4294967279,63
4294967279,61
4294967279,58
4294967279,57
4294967279,56
4294967279,55
4294967279,54
4294967279,52
4294967279,48
4294967279,47
4294967279,46
4294967279,44
4294967279,43
4294967279,41
4294967279,36
4294967279,35
4294967279,34
4294967279,33
4294967279,27
4294967279,26
4294967279,24
4294967279,21
4294967279,19
4294967279,17
4294967279,16
4294967279,14
4294967278,432
4294967278,51
4294967279,163
4294967278,50
4294967279,50
4294967279,307
4294967279,160
4294967279,159
4294967279,158
4294967279,157
4294967279,155
4294967279,154
4294967279,153
4294967279,152
4294967279,151
4294967279,297
4294967279,149
4294967279,148
4294967279,147
4294967294,216
4294967294,197
4294967294,196
4294967294,194
4294967294,1014
4294967294,1012
4294967294,1003
4294967294,1001
4294967294,998
4294967294,996
4294967294,528
4294967294,10
4294967294,221
4294967294,220
4294967294,218
4294967294,215
4294967294,213
4294967294,212
4294967294,209
4294967294,201
4294967294,195
4294967294,193
4294967294,192
4294967294,1015
4294967294,1013
4294967294,1011
4294967294,1010
4294967294,1008
4294967294,1007
4294967294,997
4294967294,995
4294967294,161
4294967279,145
4294967279,144
4294967279,32
4294967279,290
4294967279,31
4294967279,334
4294967279,30
4294967279,140
4294967294,1438
4294967294,149
4294967294,974
4294967294,1437
4294967294,128
4294967294,150
4294967294,1427
4294967294,1433
4294967294,152
4294967294,1424
4294967294,1864
4294967294,1422
4294967294,503
4294967294,487
4294967294,116
4294967294,111
4294967294,1650
4294967294,505
4294967279,28
4294967279,139
4294967279,286
4294967279,138
4294967279,272
4294967279,134
4294967279,136
39,5
39,4
4294967279,135
39,3
39,2
39,1
4294967279,572
4294967294,204
4294967279,133
4294967279,271
4294967279,270
4294967279,283
4294967279,279
4294967279,266
4294967279,282
37,5
4294967279,13
4294967279,265
37,4
4294967279,264
37,3
37,2
37,1
4294967279,263
4294967279,275
4294967279,11
4294967279,469
4294967279,10
36,6
4294967279,9
4294967279,258
4294967279,257
36,5
4294967279,255
36,4
4294967279,254
36,3
36,2
36,1
4294967279,273
4294967279,253
4294967278,258
4294967278,257
4294967278,379
4294967279,468
4294967278,395
35,5
4294967278,393
35,4
4294967278,392
35,3
35,2
35,1
4294967278,426
4294967278,391
4294967278,390
4294967294,671
4294967278,373
4294967278,252
4294967278,250
4294967278,248
4294967278,425
4294967279,467
4294967278,246
34,5
4294967278,242
34,4
4294967278,240
34,3
34,2
34,1
4294967278,405
4294967278,238
4294967294,392
4294967294,1658
4294967278,234
4294967278,371
4294967278,235
33,5
4294967278,232
4294967278,230
33,4
33,3
33,2
33,1
4294967278,415
4294967294,1088
4294967294,115
4294967294,114
4294967294,1429
4294967294,99
4294967294,76
4294967278,222
32,4
4294967278,220
32,3
32,2
32,1
4294967278,219
0,7
4294967294,388
4294967294,1869
4294967294,1867
4294967294,1868
4294967294,1440
4294967278,218
4294967294,1137
4294967294,2
4294967294,1430
4294967294,416
